T          84          12658375          0
H          72          12658468          0
T          84          12658578          0
H          72          12658718          0
T          84          12658828          0
R          82          12658828          0
H          72          12658937          0
T          84          12659046          0
R          82          12659062          0
H          72          12659187          0
R          82          12659296          0
T          84          12659296          0
H          72          12659390          0
T          84          12659546          0
R          82          12659546          0
H          72          12659656          0
T          84          12659750          0
R          82          12659781          0
H          72          12659890          0
T          84          12660000          0
R          82          12660031          0
H          72          12660109          0
T          84          12660218          0
R          82          12660218          0
H          72          12660328          0
T          84          12660406          0
R          82          12660421          0
H          72          12660546          0
T          84          12660593          0
R          82          12660609          0
H          72          12660687          0
T          84          12660875          0
R          82          12660890          0
H          72          12660968          0
R          82          12661078          0
T          84          12661078          0
T          84          12661218          0
R          82          12661250          0
H          72          12661359          0
T          84          12661453          0
R          82          12661828          0
R          82          12662328          0
R          82          12662375          0
R          82          12662406          0
R          82          12662437          0
R          82          12662453          0
R          82          12662500          0
R          82          12662531          0
R          82          12662562          0
R          82          12662593          0
R          82          12662640          0
R          82          12662671          0
R          82          12662703          0
R          82          12662734          0
R          82          12662765          0
R          82          12662796          0
R          82          12662828          0
R          82          12662859          0
R          82          12662890          0
R          82          12662937          0
R          82          12662968          0
R          82          12663000          0
R          82          12663031          0
R          82          12663062          0
R          82          12663093          0
R          82          12663125          0
E          69          12663937          0
R          82          12663937          0
W          87          12663984          0
H          72          12663984          0
U          85          12664140          0
T          84          12664156          0
E          69          12664265          0
R          82          12664328          0
H          72          12664359          0
Y          89          12664484          0
G          71          12664484          0
H          72          12664562          0
E          69          12664578          0
R          82          12664593          0
W          87          12664687          0
G          71          12664734          0
H          72          12664828          0
R          82          12664984          0
T          84          12664984          0
H          72          12665031          0
G          71          12665140          0
Y          89          12665218          0
U          85          12665218          0
I          73          12665843          0
U          85          12665859          0
I          73          12666062          0
U          85          12666062          0
E          69          12666140          0
U          85          12666312          0
I          73          12666312          0
O          79          12666328          0
E          69          12666328          0
W          87          12666343          0
R          82          12666343          0
W          87          12666546          0
E          69          12666546          0
R          82          12666562          0
U          85          12666562          0
I          73          12666578          0
Q          81          12666578          0
E          69          12666828          0
U          85          12666828          0
W          87          12666859          0
Q          81          12666859          0
E          69          12667156          0
W          87          12667203          0
Q          81          12667218          0
R          82          12667218          0
U          85          12667218          0
I          73          12667234          0
P          80          12667265          0
Q          81          12667390          0
U          85          12667437          0
W          87          12667437          0
R          82          12667453          0
I          73          12667453          0
O          79          12667546          0
P          80          12667562          0
W          87          12667687          0
E          69          12667703          0
U          85          12667734          0
O          79          12667750          0
P          80          12667750          0
R          82          12667765          0
I          73          12667765          0
O          79          12667828          0
P          80          12667828          0
E          69          12667984          0
Q          81          12668031          0
W          87          12668031          0
U          85          12668031          0
P          80          12668031          0
I          73          12668046          0
O          79          12668046          0
R          82          12668046          0
O          79          12668109          0
P          80          12668125          0
Q          81          12668234          0
W          87          12668234          0
E          69          12668250          0
R          82          12668265          0
P          80          12668265          0
U          85          12668281          0
O          79          12668281          0
I          73          12668296          0
O          79          12668375          0
E          69          12668515          0
Q          81          12668515          0
W          87          12668531          0
U          85          12668546          0
I          73          12668546          0
O          79          12668562          0
R          82          12668562          0
E          69          12668765          0
W          87          12668765          0
Q          81          12668781          0
R          82          12668796          0
U          85          12668796          0
I          73          12668796          0
E          69          12669000          0
W          87          12669031          0
R          82          12669046          0
U          85          12669046          0
Q          81          12669046          0
I          73          12669046          0
O          79          12669125          0
P          80          12669125          0
P          80          12669250          0
Q          81          12669265          0
W          87          12669281          0
Q          81          12669546          0
P          80          12669562          0
W          87          12669593          0
O          79          12669609          0
E          69          12669625          0
I          73          12669687          0
U          85          12669750          0
R          82          12669750          0
P          80          12669953          0
Q          81          12669968          0
W          87          12669984          0
O          79          12670015          0
E          69          12670015          0
I          73          12670109          0
U          85          12670125          0
R          82          12670125          0
O          79          12670171          0
P          80          12670187          0
Q          81          12670390          0
P          80          12670406          0
W          87          12670437          0
O          79          12670437          0
E          69          12670468          0
I          73          12670546          0
U          85          12670562          0
R          82          12670593          0
O          79          12670609          0
P          80          12670781          0
Q          81          12670828          0
W          87          12670859          0
O          79          12670890          0
E          69          12670890          0
I          73          12670906          0
R          82          12670968          0
U          85          12671000          0
O          79          12671015          0
P          80          12671203          0
Q          81          12671234          0
W          87          12671265          0
O          79          12671265          0
E          69          12671281          0
I          73          12671312          0
U          85          12671359          0
R          82          12671375          0
P          80          12671593          0
Q          81          12671640          0
O          79          12671640          0
W          87          12671656          0
E          69          12671687          0
I          73          12671687          0
U          85          12671765          0
R          82          12671765          0
O          79          12671765          0
P          80          12671984          0
W          87          12672031          0
Q          81          12672046          0
O          79          12672046          0
E          69          12672062          0
I          73          12672109          0
U          85          12672156          0
R          82          12672171          0
O          79          12672171          0
P          80          12672390          0
W          87          12672468          0
O          79          12672468          0
I          73          12672484          0
E          69          12672515          0
Q          81          12672531          0
U          85          12672593          0
R          82          12672609          0
O          79          12672843          0
I          73          12672937          0
W          87          12673078          0
E          69          12673078          0
U          85          12673093          0
Q          81          12673171          0
O          79          12673250          0
P          80          12673281          0
R          82          12673328          0
I          73          12673343          0
U          85          12673390          0
O          79          12673531          0
I          73          12673578          0
Q          81          12673593          0
W          87          12673593          0
E          69          12673609          0
U          85          12673656          0
R          82          12673687          0
O          79          12673796          0
I          73          12673812          0
E          69          12673859          0
W          87          12673875          0
U          85          12673890          0
R          82          12673968          0
O          79          12674281          0
Q          81          12674312          0
W          87          12674328          0
E          69          12674375          0
U          85          12674390          0
R          82          12674390          0
O          79          12674687          0
I          73          12674703          0
W          87          12674734          0
Q          81          12674750          0
E          69          12674750          0
U          85          12674812          0
R          82          12674828          0
O          79          12675031          0
P          80          12675046          0
E          69          12675062          0
Q          81          12675062          0
I          73          12675062          0
W          87          12675078          0
U          85          12675171          0
R          82          12675187          0
O          79          12675375          0
Q          81          12675468          0
W          87          12675468          0
E          69          12675468          0
I          73          12675468          0
P          80          12675500          0
U          85          12675531          0
R          82          12675562          0
O          79          12675578          0
P          80          12675781          0
O          79          12675796          0
Q          81          12675828          0
W          87          12675828          0
E          69          12675843          0
U          85          12675921          0
R          82          12675937          0
I          73          12675937          0
O          79          12675968          0
P          80          12676187          0
W          87          12676234          0
O          79          12676234          0
E          69          12676250          0
Q          81          12676265          0
I          73          12676265          0
U          85          12676343          0
R          82          12676359          0
O          79          12676562          0
P          80          12676609          0
E          69          12676625          0
I          73          12676640          0
W          87          12676656          0
Q          81          12676656          0
U          85          12676718          0
R          82          12676765          0
P          80          12676937          0
Q          81          12676968          0
O          79          12676968          0
W          87          12677000          0
I          73          12677000          0
E          69          12677015          0
R          82          12677078          0
U          85          12677078          0
O          79          12677093          0
H          72          12688984          0
 ------------- new Line ----------------- 
